(142,55)(111,77)(100,106)(101,132)(111,155)(153,180)(124,208)(120,232)(127,251)(148,270)
(187,285)(294,292)(330,343)(355,402)(368,465)(370,533)(362,601)(343,676)(376,567)(384,456)
(370,375)(329,288)(389,264)(406,241)(407,216)(389,190)(349,171)(239,162)(255,124)(243,76)
(206,53)(46,435)(35,449)(28,468)(30,496)(40,514)(65,534)(95,546)(136,554)(182,556)
(200,582)(204,613)(214,587)(221,554)(262,548)(301,533)(326,512)(336,489)(337,473)(333,456)
(317,434)(292,418)(250,405)(211,400)(132,402)(84,413)(195,1342)(223,1405)(210,1406)(228,1462)
(167,1488)(139,1469)(164,1511)(138,1497)(144,1508)(120,1546)(113,1592)(121,1627)(144,1663)(138,1675)
(166,1664)(141,1701)(165,1683)(196,1699)(239,1709)(291,1705)(339,1683)(366,1701)(341,1665)(370,1676)
(363,1662)(387,1622)(393,1578)(385,1543)(362,1507)(367,1498)(343,1509)(365,1471)(339,1488)(300,1468)
(254,1461)(231,1418)(247,1419)
