(252,10)(13,10)(13,82)(71,102)(52,119)(45,133)(44,155)(50,170)(71,189)(119,205)
(105,238)(97,283)(98,332)(107,380)(103,337)(107,287)(119,248)(135,221)(149,206)(195,205)
(237,195)(262,180)(274,163)(277,140)(271,123)(256,107)(228,93)(258,76)(271,56)(270,31)
(384,160)(369,167)(329,154)(281,155)(274,173)(258,189)(235,201)(208,208)(208,225)(217,244)
(230,257)(226,262)(247,256)(230,274)(245,266)(266,275)(293,280)(297,306)(285,305)(299,339)
(298,310)(309,310)(314,282)(351,274)(369,266)(384,274)(367,257)(388,262)(385,256)(404,232)
(406,208)(401,195)(383,176)(386,173)(371,177)(280,1288)(279,1311)(269,1329)(244,1332)(220,1340)
(197,1354)(180,1372)(163,1409)(159,1452)(169,1498)(182,1520)(199,1537)(217,1548)(246,1558)(300,1561)
(345,1550)(363,1540)(381,1524)(391,1510)(402,1484)(407,1436)(400,1399)(382,1367)(369,1354)(346,1340)
(322,1332)(300,1329)
